; input file for the gadget model
; created automatically from Rgadget
; params.in - Tue Jun 16 12:43:10 2015
switch	value	lower	upper	optimise
Linf	19	18	20	1
kappa	0.89	0.72	0.96	1
alpha	2.9e-05	1e-05	10	0
beta	3.3438	1e-04	10	0
bbeta	1	0.1	5000	1
constant	1	0.8	1.1	1
l50	10	2	20	1
recl	5	3	15	1
rec88	100	1e-06	1000	1
rec89	100	1e-06	1000	1
rec90	100	1e-06	1000	1
rec91	100	1e-06	1000	1
rec92	100	1e-06	1000	1
rec93	100	1e-06	1000	1
rec94	100	1e-06	1000	1
rec95	100	1e-06	1000	1
rec96	100	1e-06	1000	1
rec97	100	1e-06	1000	1
rec98	100	1e-06	1000	1
rec99	100	1e-06	1000	1
rec00	100	1e-06	1000	1
rec01	100	1e-06	1000	1
rec02	100	1e-06	1000	1
rec03	100	1e-06	1000	1
rec04	100	1e-06	1000	1
rec05	100	1e-06	1000	1
rec06	100	1e-06	1000	1
rec07	100	1e-06	1000	1
rec08	100	1e-06	1000	1
rec09	100	1e-06	1000	1
rec10	100	1e-06	1000	1
rec11	100	1e-06	1000	1
rec12	100	1e-06	1000	1
rec13	100	1e-06	1000	1
init0	1	1e-06	2	1
init1	1	1e-06	2	1	
init2	1	1e-06	1.5	1
init3	1	1e-07	1.1	1
