;
; Area file for this anchovy model
;
areas  1
size   13000 ; http://www.marineplan.es/es/atlas/escalasubregional/ESCALASUBREGIONAL.pdf golfo de cadiz +ZEE
temperature
;
; year  step  area  temperature

1988    1     1     5
1988    2     1     5
1988    3     1     5
1988    4     1     5
1989    1     1     5
1989    2     1     5
1989    3     1     5
1989    4     1     5
1990    1     1     5
1990    2     1     5
1990    3     1     5
1990    4     1     5
1991    1     1     5
1991    2     1     5
1991    3     1     5
1991    4     1     5
1992    1     1     5
1992    2     1     5
1992    3     1     5
1992    4     1     5
1993    1     1     5
1993    2     1     5
1993    3     1     5
1993    4     1     5
1994    1     1     5
1994    2     1     5
1994    3     1     5
1994    4     1     5
1995    1     1     5
1995    2     1     5
1995    3     1     5
1995    4     1     5
1996    1     1     5
1996    2     1     5
1996    3     1     5
1996    4     1     5
1997    1     1     5
1997    2     1     5
1997    3     1     5
1997    4     1     5
1998    1     1     5
1998    2     1     5
1998    3     1     5
1998    4     1     5
1999    1     1     5
1999    2     1     5
1999    3     1     5
1999    4     1     5
2000    1     1     5
2000    2     1     5
2000    3     1     5
2000    4     1     5
2001    1     1     5
2001    2     1     5
2001    3     1     5
2001    4     1     5
2002    1     1     5
2002    2     1     5
2002    3     1     5
2002    4     1     5
;2003    1     1     5
;2003    2     1     5
;2003    3     1     5
;2003    4     1     5
;2004    1     1     5
;2004    2     1     5
;2004    3     1     5
;2004    4     1     5
;2005    1     1     5
;2005    2     1     5
;2005    3     1     5
;2005    4     1     5
;2006    1     1     5
;2006    2     1     5
;2006    3     1     5
;2006    4     1     5
