; time file created in Rgadget
; ./PRE2/area - Mon Oct 31 15:48:02 2016
areas	1
size	13000
temperature
; year - step - area - temperature
1988	1	1	5
1989	1	1	5
1990	1	1	5
1991	1	1	5
1992	1	1	5
1993	1	1	5
1994	1	1	5
1995	1	1	5
1996	1	1	5
1997	1	1	5
1998	1	1	5
1999	1	1	5
2000	1	1	5
2001	1	1	5
2002	1	1	5
2003	1	1	5
2004	1	1	5
2005	1	1	5
2006	1	1	5
2007	1	1	5
2008	1	1	5
2009	1	1	5
2010	1	1	5
2011	1	1	5
2012	1	1	5
2013	1	1	5
2014	1	1	5
2015	1	1	5
2016	1	1	5
2017	1	1	5
2018	1	1	5
2019	1	1	5
2020	1	1	5
2021	1	1	5
2022	1	1	5
2023	1	1	5
2024	1	1	5
2025	1	1	5
2026	1	1	5
2027	1	1	5
2028	1	1	5
2029	1	1	5
2030	1	1	5
2031	1	1	5
2032	1	1	5
2033	1	1	5
2034	1	1	5
2035	1	1	5
2036	1	1	5
2037	1	1	5
2038	1	1	5
2039	1	1	5
2040	1	1	5
2041	1	1	5
2042	1	1	5
2043	1	1	5
2044	1	1	5
2045	1	1	5
2046	1	1	5
2047	1	1	5
2048	1	1	5
2049	1	1	5
2050	1	1	5
2051	1	1	5
2052	1	1	5
2053	1	1	5
2054	1	1	5
2055	1	1	5
2056	1	1	5
2057	1	1	5
2058	1	1	5
2059	1	1	5
2060	1	1	5
2061	1	1	5
2062	1	1	5
2063	1	1	5
2064	1	1	5
2065	1	1	5
2066	1	1	5
2067	1	1	5
2068	1	1	5
2069	1	1	5
2070	1	1	5
2071	1	1	5
2072	1	1	5
2073	1	1	5
2074	1	1	5
2075	1	1	5
2076	1	1	5
2077	1	1	5
2078	1	1	5
2079	1	1	5
2080	1	1	5
2081	1	1	5
2082	1	1	5
2083	1	1	5
2084	1	1	5
2085	1	1	5
2086	1	1	5
2087	1	1	5
2088	1	1	5
2089	1	1	5
2090	1	1	5
2091	1	1	5
2092	1	1	5
2093	1	1	5
2094	1	1	5
2095	1	1	5
2096	1	1	5
2097	1	1	5
2098	1	1	5
2099	1	1	5
2100	1	1	5
2101	1	1	5
2102	1	1	5
2103	1	1	5
2104	1	1	5
2105	1	1	5
2106	1	1	5
2107	1	1	5
2108	1	1	5
2109	1	1	5
2110	1	1	5
2111	1	1	5
2112	1	1	5
2113	1	1	5
2114	1	1	5
2115	1	1	5
2116	1	1	5
1988	2	1	5
1989	2	1	5
1990	2	1	5
1991	2	1	5
1992	2	1	5
1993	2	1	5
1994	2	1	5
1995	2	1	5
1996	2	1	5
1997	2	1	5
1998	2	1	5
1999	2	1	5
2000	2	1	5
2001	2	1	5
2002	2	1	5
2003	2	1	5
2004	2	1	5
2005	2	1	5
2006	2	1	5
2007	2	1	5
2008	2	1	5
2009	2	1	5
2010	2	1	5
2011	2	1	5
2012	2	1	5
2013	2	1	5
2014	2	1	5
2015	2	1	5
2016	2	1	5
2017	2	1	5
2018	2	1	5
2019	2	1	5
2020	2	1	5
2021	2	1	5
2022	2	1	5
2023	2	1	5
2024	2	1	5
2025	2	1	5
2026	2	1	5
2027	2	1	5
2028	2	1	5
2029	2	1	5
2030	2	1	5
2031	2	1	5
2032	2	1	5
2033	2	1	5
2034	2	1	5
2035	2	1	5
2036	2	1	5
2037	2	1	5
2038	2	1	5
2039	2	1	5
2040	2	1	5
2041	2	1	5
2042	2	1	5
2043	2	1	5
2044	2	1	5
2045	2	1	5
2046	2	1	5
2047	2	1	5
2048	2	1	5
2049	2	1	5
2050	2	1	5
2051	2	1	5
2052	2	1	5
2053	2	1	5
2054	2	1	5
2055	2	1	5
2056	2	1	5
2057	2	1	5
2058	2	1	5
2059	2	1	5
2060	2	1	5
2061	2	1	5
2062	2	1	5
2063	2	1	5
2064	2	1	5
2065	2	1	5
2066	2	1	5
2067	2	1	5
2068	2	1	5
2069	2	1	5
2070	2	1	5
2071	2	1	5
2072	2	1	5
2073	2	1	5
2074	2	1	5
2075	2	1	5
2076	2	1	5
2077	2	1	5
2078	2	1	5
2079	2	1	5
2080	2	1	5
2081	2	1	5
2082	2	1	5
2083	2	1	5
2084	2	1	5
2085	2	1	5
2086	2	1	5
2087	2	1	5
2088	2	1	5
2089	2	1	5
2090	2	1	5
2091	2	1	5
2092	2	1	5
2093	2	1	5
2094	2	1	5
2095	2	1	5
2096	2	1	5
2097	2	1	5
2098	2	1	5
2099	2	1	5
2100	2	1	5
2101	2	1	5
2102	2	1	5
2103	2	1	5
2104	2	1	5
2105	2	1	5
2106	2	1	5
2107	2	1	5
2108	2	1	5
2109	2	1	5
2110	2	1	5
2111	2	1	5
2112	2	1	5
2113	2	1	5
2114	2	1	5
2115	2	1	5
2116	2	1	5
1988	3	1	5
1989	3	1	5
1990	3	1	5
1991	3	1	5
1992	3	1	5
1993	3	1	5
1994	3	1	5
1995	3	1	5
1996	3	1	5
1997	3	1	5
1998	3	1	5
1999	3	1	5
2000	3	1	5
2001	3	1	5
2002	3	1	5
2003	3	1	5
2004	3	1	5
2005	3	1	5
2006	3	1	5
2007	3	1	5
2008	3	1	5
2009	3	1	5
2010	3	1	5
2011	3	1	5
2012	3	1	5
2013	3	1	5
2014	3	1	5
2015	3	1	5
2016	3	1	5
2017	3	1	5
2018	3	1	5
2019	3	1	5
2020	3	1	5
2021	3	1	5
2022	3	1	5
2023	3	1	5
2024	3	1	5
2025	3	1	5
2026	3	1	5
2027	3	1	5
2028	3	1	5
2029	3	1	5
2030	3	1	5
2031	3	1	5
2032	3	1	5
2033	3	1	5
2034	3	1	5
2035	3	1	5
2036	3	1	5
2037	3	1	5
2038	3	1	5
2039	3	1	5
2040	3	1	5
2041	3	1	5
2042	3	1	5
2043	3	1	5
2044	3	1	5
2045	3	1	5
2046	3	1	5
2047	3	1	5
2048	3	1	5
2049	3	1	5
2050	3	1	5
2051	3	1	5
2052	3	1	5
2053	3	1	5
2054	3	1	5
2055	3	1	5
2056	3	1	5
2057	3	1	5
2058	3	1	5
2059	3	1	5
2060	3	1	5
2061	3	1	5
2062	3	1	5
2063	3	1	5
2064	3	1	5
2065	3	1	5
2066	3	1	5
2067	3	1	5
2068	3	1	5
2069	3	1	5
2070	3	1	5
2071	3	1	5
2072	3	1	5
2073	3	1	5
2074	3	1	5
2075	3	1	5
2076	3	1	5
2077	3	1	5
2078	3	1	5
2079	3	1	5
2080	3	1	5
2081	3	1	5
2082	3	1	5
2083	3	1	5
2084	3	1	5
2085	3	1	5
2086	3	1	5
2087	3	1	5
2088	3	1	5
2089	3	1	5
2090	3	1	5
2091	3	1	5
2092	3	1	5
2093	3	1	5
2094	3	1	5
2095	3	1	5
2096	3	1	5
2097	3	1	5
2098	3	1	5
2099	3	1	5
2100	3	1	5
2101	3	1	5
2102	3	1	5
2103	3	1	5
2104	3	1	5
2105	3	1	5
2106	3	1	5
2107	3	1	5
2108	3	1	5
2109	3	1	5
2110	3	1	5
2111	3	1	5
2112	3	1	5
2113	3	1	5
2114	3	1	5
2115	3	1	5
2116	3	1	5
1988	4	1	5
1989	4	1	5
1990	4	1	5
1991	4	1	5
1992	4	1	5
1993	4	1	5
1994	4	1	5
1995	4	1	5
1996	4	1	5
1997	4	1	5
1998	4	1	5
1999	4	1	5
2000	4	1	5
2001	4	1	5
2002	4	1	5
2003	4	1	5
2004	4	1	5
2005	4	1	5
2006	4	1	5
2007	4	1	5
2008	4	1	5
2009	4	1	5
2010	4	1	5
2011	4	1	5
2012	4	1	5
2013	4	1	5
2014	4	1	5
2015	4	1	5
2016	4	1	5
2017	4	1	5
2018	4	1	5
2019	4	1	5
2020	4	1	5
2021	4	1	5
2022	4	1	5
2023	4	1	5
2024	4	1	5
2025	4	1	5
2026	4	1	5
2027	4	1	5
2028	4	1	5
2029	4	1	5
2030	4	1	5
2031	4	1	5
2032	4	1	5
2033	4	1	5
2034	4	1	5
2035	4	1	5
2036	4	1	5
2037	4	1	5
2038	4	1	5
2039	4	1	5
2040	4	1	5
2041	4	1	5
2042	4	1	5
2043	4	1	5
2044	4	1	5
2045	4	1	5
2046	4	1	5
2047	4	1	5
2048	4	1	5
2049	4	1	5
2050	4	1	5
2051	4	1	5
2052	4	1	5
2053	4	1	5
2054	4	1	5
2055	4	1	5
2056	4	1	5
2057	4	1	5
2058	4	1	5
2059	4	1	5
2060	4	1	5
2061	4	1	5
2062	4	1	5
2063	4	1	5
2064	4	1	5
2065	4	1	5
2066	4	1	5
2067	4	1	5
2068	4	1	5
2069	4	1	5
2070	4	1	5
2071	4	1	5
2072	4	1	5
2073	4	1	5
2074	4	1	5
2075	4	1	5
2076	4	1	5
2077	4	1	5
2078	4	1	5
2079	4	1	5
2080	4	1	5
2081	4	1	5
2082	4	1	5
2083	4	1	5
2084	4	1	5
2085	4	1	5
2086	4	1	5
2087	4	1	5
2088	4	1	5
2089	4	1	5
2090	4	1	5
2091	4	1	5
2092	4	1	5
2093	4	1	5
2094	4	1	5
2095	4	1	5
2096	4	1	5
2097	4	1	5
2098	4	1	5
2099	4	1	5
2100	4	1	5
2101	4	1	5
2102	4	1	5
2103	4	1	5
2104	4	1	5
2105	4	1	5
2106	4	1	5
2107	4	1	5
2108	4	1	5
2109	4	1	5
2110	4	1	5
2111	4	1	5
2112	4	1	5
2113	4	1	5
2114	4	1	5
2115	4	1	5
2116	4	1	5
